0.000000e+00	0.000000e+00	1.000000e+00	
0.000000e+00	2.500000e-01	7.500000e-01	
0.000000e+00	5.000000e-01	5.000000e-01	
0.000000e+00	7.500000e-01	2.500000e-01	
0.000000e+00	1.000000e+00	0.000000e+00	
2.500000e-01	0.000000e+00	7.500000e-01		
2.500000e-01	7.500000e-01	0.000000e+00	
5.000000e-01	0.000000e+00	5.000000e-01		
5.000000e-01	5.000000e-01	0.000000e+00	
7.500000e-01	0.000000e+00	2.500000e-01	
7.500000e-01	2.500000e-01	0.000000e+00	
1.000000e+00	0.000000e+00	0.000000e+00	
1.111111e-01	1.111111e-01	7.777778e-01	
1.111111e-01	3.333333e-01	5.555556e-01	
1.111111e-01	5.555556e-01	3.333333e-01	
1.111111e-01	7.777778e-01	1.111111e-01	
3.333333e-01	1.111111e-01	5.555556e-01	
3.333333e-01	5.555556e-01	1.111111e-01	
5.555556e-01	1.111111e-01	3.333333e-01	
5.555556e-01	3.333333e-01	1.111111e-01	
7.777778e-01	1.111111e-01	1.111111e-01
3.333333e-01	3.333333e-01	3.333333e-01
2.500000e-01	2.500000e-01	5.000000e-01
2.500000e-01	5.000000e-01	2.500000e-01
5.000000e-01	2.500000e-01	2.500000e-01
2.500000e-01	3.750000e-01	3.750000e-01
3.750000e-01	2.500000e-01	3.750000e-01	
3.750000e-01	3.750000e-01	2.500000e-01			
